[Satellite]
VERSION=1.1
NAME=2015-049G
NICKNAME=2015-049G
TLE1=1 40905U 15049G   22342.58851468  .00004015  00000+0  20146-3 0  9990
TLE2=2 40905  97.5201 340.9011 0015809 123.7921  23.7816 15.17785418399016
STATUS=0
