[Satellite]
VERSION=1.1
NAME=2022-019U
NICKNAME=2022-019U
TLE1=1 51842U 22019U   22342.62142867  .00008888  00000+0  32531-3 0  9991
TLE2=2 51842  97.5465  61.6705 0063417 297.6695 198.7427 15.26369560 43321
STATUS=0
