[Satellite]
VERSION=1.1
NAME=2022-118B
NICKNAME=2022-118B
TLE1=1 53885U 22118B   22297.16981663  .00005700  00000+0  23878-3 0  9997
TLE2=2 53885  97.5213 303.7479 0013071 158.3099 272.5135 15.23862332  4440
STATUS=0
