[Satellite]
VERSION=1.1
NAME=2022-118A
NICKNAME=2022-118A
TLE1=1 53884U 22118A   22297.11780008  .00004119  00000+0  17698-3 0  9997
TLE2=2 53884  97.5211 303.6658 0015949 152.8101 282.0865 15.23132732  4444
STATUS=0
