[Satellite]
VERSION=1.1
NAME=2022-121A
NICKNAME=2022-121A
TLE1=1 53948U 22121A   22297.14734333  .00005661  00000+0  28029-3 0  9998
TLE2=2 53948  97.4541 317.3790 0013195 166.4795 280.4342 15.18105088  4125
STATUS=0
