[Satellite]
VERSION=1.1
NAME=2022-118C
NICKNAME=2022-118C
TLE1=1 53942U 22118C   22296.95696637  .00033664  24269-5  41231-3 0  9993
TLE2=2 53942  97.5245 303.6805 0266412 262.2506  94.8416 15.28359757  4420
STATUS=0
