[Satellite]
VERSION=1.1
NAME=2022-121B
NICKNAME=2022-121B
TLE1=1 53949U 22121B   22297.14428248  .00004184  00000+0  20743-3 0  9998
TLE2=2 53949  97.4520 317.3750 0012148 170.3376 276.5255 15.18222968  4121
STATUS=0
