[Satellite]
VERSION=1.1
NAME=2022-121C
NICKNAME=2022-121C
TLE1=1 53950U 22121C   22297.13972236  .00003648  00000+0  18005-3 0  9992
TLE2=2 53950  97.4551 317.3918 0013515 176.7350 269.7723 15.18454401  4127
STATUS=0
