[Satellite]
VERSION=1.1
NAME=2022-132D
NICKNAME=2022-132D
TLE1=1 54038U 22132D   22297.10443209  .00027681  00000+0  13583-2 0  9990
TLE2=2 54038  97.5892 302.5784 0099282 194.8298 165.0028 15.13748100  1689
STATUS=0
