[Satellite]
VERSION=1.1
NAME=2022-132B
NICKNAME=2022-132B
TLE1=1 54036U 22132B   22297.45585692  .00119017  00000+0  35724-2 0  9995
TLE2=2 54036  97.3557 302.9441 0032250 282.1103 243.4307 15.33461368  1754
STATUS=0
