[Satellite]
VERSION=1.1
NAME=2022-132C
NICKNAME=2022-132C
TLE1=1 54037U 22132C   22297.15298303  .00010976  00000+0  10649-2 0  9996
TLE2=2 54037  97.6529 302.1415 0189762 135.0868 226.5893 14.80192793  1650
STATUS=0
