[Satellite]
VERSION=1.1
NAME=2022-134A
NICKNAME=2022-134A
TLE1=1 54048U 22134A   22295.00000000  .00000072  00000+0  00000+0 0  9990
TLE2=2 54048  25.5150 300.6070 7954833 181.1820 357.7680  1.30438953    87
STATUS=0
