[Satellite]
VERSION=1.1
NAME=2022-133B
NICKNAME=2022-133B
TLE1=1 54043U 22133B   22297.30255094  .00011707  00000+0  46993-3 0  9996
TLE2=2 54043  34.9999 226.8587 0010054  11.5360 129.2334 15.24137264  1454
STATUS=0
