[Satellite]
VERSION=1.1
NAME=2022-133A
NICKNAME=2022-133A
TLE1=1 54042U 22133A   22297.23989703  .00022354  00000+0  87635-3 0  9996
TLE2=2 54042  34.9997 227.2360 0008320 348.1592 174.2026 15.24840492  1445
STATUS=0
