[Satellite]
VERSION=1.1
NAME=2022-133E
NICKNAME=2022-133E
TLE1=1 54046U 22133E   22297.30346213  .00009403  00000+0  37520-3 0  9999
TLE2=2 54046  35.0000 226.8719 0006632 341.9524 159.0033 15.24396942  1455
STATUS=0
