[Satellite]
VERSION=1.1
NAME=2022-133C
NICKNAME=2022-133C
TLE1=1 54044U 22133C   22297.22987782  .00024570  00000+0  95284-3 0  9993
TLE2=2 54044  34.9992 227.2685 0008526 356.5818 121.6926 15.25184281  1447
STATUS=0
