[Satellite]
VERSION=1.1
NAME=2022-133D
NICKNAME=2022-133D
TLE1=1 54045U 22133D   22297.49635782  .00020489  00000+0  81954-3 0  9997
TLE2=2 54045  34.9984 225.5870 0012885   9.1475 134.5314 15.24137958  1485
STATUS=0
