[Satellite]
VERSION=1.1
NAME=2022-132G
NICKNAME=2022-132G
TLE1=1 54041U 22132G   22297.15585992  .00011514  00000+0  99760-3 0  9995
TLE2=2 54041  97.1923 301.7292 0151041 131.6515 229.7770 14.88775533  1663
STATUS=0
