[Satellite]
VERSION=1.1
NAME=2022-132F
NICKNAME=2022-132F
TLE1=1 54040U 22132F   22297.15199580  .00025716  00000+0  14319-2 0  9993
TLE2=2 54040  97.1616 301.9794 0122897 185.1679 174.8290 15.07288175  1684
STATUS=0
