[Satellite]
VERSION=1.1
NAME=2022-134B
NICKNAME=2022-134B
TLE1=1 54049U 22134B   22294.18542388  .00038311  00000+0  23127+0 0  9991
TLE2=2 54049  26.8390 299.8615 8046933 181.7700 352.8881  1.34287912    78
STATUS=0
