[Satellite]
VERSION=1.1
NAME=2022-137D
NICKNAME=2022-137D
TLE1=1 54112U 22137D   22295.70045673  .00015594  00000+0  27188-3 0  9992
TLE2=2 54112  97.0770  15.7659 0007277 262.8798  97.1627 15.50779296   130
STATUS=0
