[Satellite]
VERSION=1.1
NAME=2022-148A
NICKNAME=2022-148A
TLE1=1 54230U 22148A   22338.92968037 -.00000070  00000+0  10000-3 0  9994
TLE2=2 54230   0.0025 191.1772 0006690  65.5454 315.0497  1.00270876   427
STATUS=0
