[Satellite]
VERSION=1.1
NAME=2022-152B
NICKNAME=2022-152B
TLE1=1 54238U 22152B   22317.59206744 -.00002470  78170-5  00000+0 0  9997
TLE2=2 54238  41.8191  28.2331 0110906 189.9453 322.0923 16.07382287   233
STATUS=0
