[Satellite]
VERSION=1.1
NAME=2022-152C
NICKNAME=2022-152C
TLE1=1 54239U 22152C   22317.64998368 -.00002463  77916-5  00000+0 0  9993
TLE2=2 54239  41.7341  27.7199 0089302 198.1293 297.7325 16.10213745   235
STATUS=0
