[Satellite]
VERSION=1.1
NAME=2022-148B
NICKNAME=2022-148B
TLE1=1 54231U 22148B   22338.72428647  .00108995  11054-5  29883-2 0  9990
TLE2=2 54231  28.3913 207.6399 7193722 197.7153 110.1971  2.43640904   702
STATUS=0
