[Satellite]
VERSION=1.1
NAME=2022-152F
NICKNAME=2022-152F
TLE1=1 54242U 22152F   22317.63703031  .34469145  72857-5  26005-2 0  9992
TLE2=2 54242  41.3088  27.8107 0046962 158.9813 322.3362 16.34161841   219
STATUS=0
