[Satellite]
VERSION=1.1
NAME=2022-152E
NICKNAME=2022-152E
TLE1=1 54241U 22152E   22317.57205315 -.00002480  78482-5  00000+0 0  9999
TLE2=2 54241  41.0899  28.3371 0115404 161.7471 312.9570 16.37178695   207
STATUS=0
