[Satellite]
VERSION=1.1
NAME=2022-155E
NICKNAME=2022-155E
TLE1=1 54255U 22155E   22342.59989056  .00004717  00000+0  29778-3 0  9994
TLE2=2 54255  97.5371  86.9938 0012931 209.1765 248.2629 15.09496280  3374
STATUS=0
