[Satellite]
VERSION=1.1
NAME=2022-155A
NICKNAME=2022-155A
TLE1=1 54251U 22155A   22342.46210944  .00004665  00000+0  29446-3 0  9993
TLE2=2 54251  97.5346  86.8497 0013820 207.9141 221.0354 15.09491708  3355
STATUS=0
