[Satellite]
VERSION=1.1
NAME=2022-155D
NICKNAME=2022-155D
TLE1=1 54254U 22155D   22342.46279116  .00004640  00000+0  29332-3 0  9999
TLE2=2 54254  97.5366  86.8562 0013807 207.1494 221.5439 15.09441501  3356
STATUS=0
