[Satellite]
VERSION=1.1
NAME=2022-155C
NICKNAME=2022-155C
TLE1=1 54253U 22155C   22342.46545348  .00004643  00000+0  29510-3 0  9992
TLE2=2 54253  97.5371  86.8543 0013254 204.4255 223.7513 15.09254169  3349
STATUS=0
