[Satellite]
VERSION=1.1
NAME=2022-155B
NICKNAME=2022-155B
TLE1=1 54252U 22155B   22342.53306863  .00004768  00000+0  30088-3 0  9996
TLE2=2 54252  97.5400  86.9369 0013720 208.7462 245.4355 15.09491424  3367
STATUS=0
