[Satellite]
VERSION=1.1
NAME=2022-158B
NICKNAME=2022-158B
TLE1=1 54362U 22158B   22342.60068804  .00004108  00000+0  21130-3 0  9995
TLE2=2 54362  97.4626  77.7637 0023586 203.7249 264.4590 15.16763681  1852
STATUS=0
