[Satellite]
VERSION=1.1
NAME=2022-160C
NICKNAME=2022-160C
TLE1=1 54374U 22160C   22342.58873248  .00006445  00000+0  27471-3 0  9994
TLE2=2 54374  34.9978 158.2085 0006256 324.8905  98.3279 15.22255059  1650
STATUS=0
