[Satellite]
VERSION=1.1
NAME=2022-160E
NICKNAME=2022-160E
TLE1=1 54376U 22160E   22342.52178016  .00008262  00000+0  34967-3 0  9998
TLE2=2 54376  34.9978 158.6445 0008156 346.7348  63.1078 15.22430746  1689
STATUS=0
