[Satellite]
VERSION=1.1
NAME=2022-160B
NICKNAME=2022-160B
TLE1=1 54373U 22160B   22342.51701995  .00017822  00000+0  72838-3 0  9993
TLE2=2 54373  34.9995 158.6061 0008590 353.2545  55.4550 15.23481293  1686
STATUS=0
