[Satellite]
VERSION=1.1
NAME=2022-160A
NICKNAME=2022-160A
TLE1=1 54372U 22160A   22342.51854235  .00008419  00000+0  35710-3 0  9998
TLE2=2 54372  34.9967 158.6078 0005957 323.9009  87.2893 15.22367894  1687
STATUS=0
