[Satellite]
VERSION=1.1
NAME=2022-160D
NICKNAME=2022-160D
TLE1=1 54375U 22160D   22342.51481922  .00018739  00000+0  75875-3 0  9992
TLE2=2 54375  34.9992 158.5935 0008433   0.8580  47.3106 15.23787917  1683
STATUS=0
