[Satellite]
VERSION=1.1
NAME=2022-163C
NICKNAME=2022-163C
TLE1=1 54383U 22163C   22342.54003985  .00000015  00000+0  64348-4 0  9998
TLE2=2 54383  67.1420 354.4305 0010551 324.1834  35.8543 13.97181326   780
STATUS=0
