[Satellite]
VERSION=1.1
NAME=1998-067UN
NICKNAME=1998-067UN
TLE1=1 54536U 98067UN  22340.92207118  .00031682  00000+0  54609-3 0  9990
TLE2=2 54536  51.6420 200.8461 0007560 139.2681 304.0068 15.50732033   721
STATUS=0
