[Satellite]
VERSION=1.1
NAME=1998-067UL
NICKNAME=1998-067UL
TLE1=1 54534U 98067UL  22340.86252666  .00085099  00000+0  14432-2 0  9999
TLE2=2 54534  51.6411 201.1483 0007784 141.2081 329.2667 15.50741142   750
STATUS=0
