[Satellite]
VERSION=1.1
NAME=1998-067UP
NICKNAME=1998-067UP
TLE1=1 54537U 98067UP  22341.03598436  .00035678  00000+0  61236-3 0  9993
TLE2=2 54537  51.6421 200.2858 0007876 142.1986 217.9715 15.50789350   789
STATUS=0
