[Satellite]
VERSION=1.1
NAME=1998-067UM
NICKNAME=1998-067UM
TLE1=1 54535U 98067UM  22340.93144692  .00068763  00000+0  11689-2 0  9997
TLE2=2 54535  51.6417 200.8063 0007570 139.8012 355.7646 15.50771398   765
STATUS=0
