[Satellite]
VERSION=1.1
NAME=2022-164B
NICKNAME=2022-164B
TLE1=1 54589U 22164B   22342.48943290 -.00000668  21132-5  00000+0 0  9992
TLE2=2 54589  98.3707   9.9929 0382128 100.4081 264.0457 15.07457349   220
STATUS=0
