[Satellite]
VERSION=1.1
NAME=2022-164A
NICKNAME=2022-164A
TLE1=1 54588U 22164A   22342.61939176 -.00000043  00000+0  00000+0 0  9996
TLE2=2 54588  98.3554   9.9786 0008402 274.4949  85.5279 14.44509194   230
STATUS=0
